AD 19700101 0720 1400
BC 19700101 0100 2300
BC 19800101 0930 2015
BC 19950609 1000 2015
BC 20011106 1000 1930
BC 20070101 0800 1930
BO 19700101 0830 1315
BO 19800101 0930 1315
BO 20130407 0830 1315
BP 19700101 0720 1400
BTP 19700101 0830 1715
C 19700101 0930 1315
C 19800101 0930 1315
C 20130407 0830 1315
CD 19700101 0200 1400
CGB 19700101 0820 1500
CL 19700101 0800 1430
CL 19800101 0945 1510
CL 20010901 0800 1430
CT 19700101 1030 1415
CT 19800101 1030 1515
CT 20070202 1000 1415
DAX 19700101 0900 1730
DX 19700101 0300 1500
EC 19700101 0200 1400
ED 19700101 0720 1400
EMD 19700101 0830 1515
ES 19700101 0830 1515
ESX 19700101 0900 1730
FCE 19700101 0800 1635
FCE 19800101 0900 1605
FCE 20000101 0800 1635
FV 19700101 0720 1400
GBL 19700101 0800 1715
GBL 19800101 0800 1900
GBL 20051201 0800 1715
GBM 19700101 0800 1715
GBM 19800101 0800 1900
GBM 20051201 0800 1715
GBS 19700101 0800 1715
GBS 19800101 0800 1900
GBS 20051201 0800 1715
GC 19700101 0820 1330
GC 19800101 0820 1430
GC 20011002 0820 1330
GO 19700101 0100 2300
GO 19881001 0915 1730
GO 20060102 0830 1930
GO 20100101 0800 1930
HG 19700101 0300 1300
HG 19800101 0920 1400
HG 19950131 0810 1400
HG 20011002 0300 1200
HO 19700101 0900 1430
HO 19800101 0945 1510
HO 20010901 0900 1430
HS 19700101 0915 1615
JY 19700101 0200 1400
KC 19700101 0830 1330
KC 19800101 0915 1430
KC 20020211 0830 1230
KC 20080401 0830 1330
KOS 19700101 0900 1515
LC 19700101 0905 1300
LEU 19700101 0700 1615
LFT 19700101 0830 1630
LFT 19800101 0830 1635
LFT 19990920 0800 1635
LH 19700101 0905 1300
LLG 19700101 0800 1615
LSS 19700101 0730 1615
NG 19700101 0900 1430
NG 19800101 0920 1510
NG 20000908 0930 1510
NG 20060705 0900 1430
NQ 19700101 0830 1515
RB 19700101 0900 1430
RB 19800101 0945 1510
RB 20010901 0900 1430
S 19700101 0930 1315
S 19800101 0930 1315
S 20130407 0830 1315
SB 19700101 0600 1230
SB 19800101 0810 1350
SB 20020211 0810 1230
SB 20080401 0800 1300
SF 19700101 0720 1400
SI 19700101 0825 1325
SI 19800101 0825 1425
SI 20011002 0825 1325
SM 19700101 0930 1315
SM 19800101 0930 1315
SM 20130407 0830 1315
SMI 19700101 0800 2200
SMI 19800101 0830 1730
SMI 20030818 0900 1730
SNI 19700101 0745 1430
SP 19700101 0830 1515
SPIM 19700101 0630 1630
STW 19700101 0845 1430
TF 19700101 0930 1615
TU 19700101 0720 1400
TY 19700101 0720 1400
UL 19700101 0720 1400
US 19700101 0720 1400
VX 19700101 0830 1515
W 19700101 0930 1315
W 19800101 0930 1315
W 20130407 0830 1315
WT 19700101 0100 2300
WT 19800101 1500 1930
WT 20070101 1400 1930
YM 19700101 0830 1515
YXB 19700101 0830 1630
YYB 19700101 0830 1630
